0 0.931445950189553 0.9436917047848847 0.7733833858447463
1 0.8944561404082647 0.9144239099328114 0.7175604244093203
2 0.8960872017267039 0.9120045488458502 0.71857058718158
3 0.8924344879367365 0.9191637787645688 0.7181690389350409
4 0.8948640021625288 0.9155613798720368 0.7205568032593945
5 0.8950101618169658 0.9073374476811478 0.7172201831450861
6 0.8773733840113667 0.9026209394028708 0.690105278149147
7 0.9075429819172839 0.9163485434921967 0.736518147993157
8 0.8822883771808576 0.905153667386706 0.7011204118810964
9 0.8731852072860374 0.8933125682467302 0.6885414729144504
0 0.931445950189553 0.9436917047848847 0.7733833858447463
1 0.8944561404082647 0.9144239099328114 0.7175604244093203
2 0.8960872017267039 0.9120045488458502 0.71857058718158
3 0.8924344879367365 0.9191637787645688 0.7181690389350409
4 0.8948640021625288 0.9155613798720368 0.7205568032593945
5 0.8950101618169658 0.9073374476811478 0.7172201831450861
6 0.8773733840113667 0.9026209394028708 0.690105278149147
7 0.9075429819172839 0.9163485434921967 0.736518147993157
8 0.8822883771808576 0.905153667386706 0.7011204118810964
9 0.8731852072860374 0.8933125682467302 0.6885414729144504
0 0.931445950189553 0.9436917047848847 0.7733833858447463
1 0.8944561404082647 0.9144239099328114 0.7175604244093203
2 0.8960872017267039 0.9120045488458502 0.71857058718158
3 0.8924344879367365 0.9191637787645688 0.7181690389350409
4 0.8948640021625288 0.9155613798720368 0.7205568032593945
5 0.8950101618169658 0.9073374476811478 0.7172201831450861
6 0.8773733840113667 0.9026209394028708 0.690105278149147
7 0.9075429819172839 0.9163485434921967 0.736518147993157
8 0.8822883771808576 0.905153667386706 0.7011204118810964
9 0.8731852072860374 0.8933125682467302 0.6885414729144504
0 0.931445950189553 0.9436917047848847 0.7733833858447463
1 0.8944561404082647 0.9144239099328114 0.7175604244093203
2 0.8960872017267039 0.9120045488458502 0.71857058718158
3 0.8924344879367365 0.9191637787645688 0.7181690389350409
4 0.8948640021625288 0.9155613798720368 0.7205568032593945
5 0.8950101618169658 0.9073374476811478 0.7172201831450861
6 0.8773733840113667 0.9026209394028708 0.690105278149147
7 0.9075429819172839 0.9163485434921967 0.736518147993157
8 0.8822883771808576 0.905153667386706 0.7011204118810964
9 0.8731852072860374 0.8933125682467302 0.6885414729144504
0 0.931445950189553 0.9436917047848847 0.7733833858447463
1 0.8944561404082647 0.9144239099328114 0.7175604244093203
2 0.8960872017267039 0.9120045488458502 0.71857058718158
3 0.8924344879367365 0.9191637787645688 0.7181690389350409
4 0.8948640021625288 0.9155613798720368 0.7205568032593945
5 0.8950101618169658 0.9073374476811478 0.7172201831450861
6 0.8773733840113667 0.9026209394028708 0.690105278149147
7 0.9075429819172839 0.9163485434921967 0.736518147993157
8 0.8822883771808576 0.905153667386706 0.7011204118810964
9 0.8731852072860374 0.8933125682467302 0.6885414729144504
0 0.931445950189553 0.9436917047848847 0.7733833858447463
1 0.8944561404082647 0.9144239099328114 0.7175604244093203
2 0.8960872017267039 0.9120045488458502 0.71857058718158
3 0.8924344879367365 0.9191637787645688 0.7181690389350409
4 0.8948640021625288 0.9155613798720368 0.7205568032593945
5 0.8950101618169658 0.9073374476811478 0.7172201831450861
6 0.8773733840113667 0.9026209394028708 0.690105278149147
7 0.9075429819172839 0.9163485434921967 0.736518147993157
8 0.8822883771808576 0.905153667386706 0.7011204118810964
9 0.8731852072860374 0.8933125682467302 0.6885414729144504
0 0.931445950189553 0.9436917047848847 0.7733833858447463
1 0.8944561404082647 0.9144239099328114 0.7175604244093203
2 0.8960872017267039 0.9120045488458502 0.71857058718158
3 0.8924344879367365 0.9191637787645688 0.7181690389350409
4 0.8948640021625288 0.9155613798720368 0.7205568032593945
5 0.8950101618169658 0.9073374476811478 0.7172201831450861
6 0.8773733840113667 0.9026209394028708 0.690105278149147
7 0.9075429819172839 0.9163485434921967 0.736518147993157
8 0.8822883771808576 0.905153667386706 0.7011204118810964
9 0.8731852072860374 0.8933125682467302 0.6885414729144504
0 0.931445950189553 0.9436917047848847 0.7733833858447463
1 0.8944561404082647 0.9144239099328114 0.7175604244093203
2 0.8960872017267039 0.9120045488458502 0.71857058718158
3 0.8924344879367365 0.9191637787645688 0.7181690389350409
4 0.8948640021625288 0.9155613798720368 0.7205568032593945
5 0.8950101618169658 0.9073374476811478 0.7172201831450861
6 0.8773733840113667 0.9026209394028708 0.690105278149147
7 0.9075429819172839 0.9163485434921967 0.736518147993157
8 0.8822883771808576 0.905153667386706 0.7011204118810964
9 0.8731852072860374 0.8933125682467302 0.6885414729144504
0 0.931445950189553 0.9436917047848847 0.7733833858447463
1 0.8944561404082647 0.9144239099328114 0.7175604244093203
2 0.8960872017267039 0.9120045488458502 0.71857058718158
3 0.8924344879367365 0.9191637787645688 0.7181690389350409
4 0.8948640021625288 0.9155613798720368 0.7205568032593945
5 0.8950101618169658 0.9073374476811478 0.7172201831450861
6 0.8773733840113667 0.9026209394028708 0.690105278149147
7 0.9075429819172839 0.9163485434921967 0.736518147993157
8 0.8822883771808576 0.905153667386706 0.7011204118810964
9 0.8731852072860374 0.8933125682467302 0.6885414729144504
0 0.931445950189553 0.9436917047848847 0.7733833858447463
1 0.8944561404082647 0.9144239099328114 0.7175604244093203
2 0.8960872017267039 0.9120045488458502 0.71857058718158
3 0.8924344879367365 0.9191637787645688 0.7181690389350409
4 0.8948640021625288 0.9155613798720368 0.7205568032593945
5 0.8950101618169658 0.9073374476811478 0.7172201831450861
6 0.8773733840113667 0.9026209394028708 0.690105278149147
7 0.9075429819172839 0.9163485434921967 0.736518147993157
8 0.8822883771808576 0.905153667386706 0.7011204118810964
9 0.8731852072860374 0.8933125682467302 0.6885414729144504
0 0.931445950189553 0.9436917047848847 0.7733833858447463
1 0.8944561404082647 0.9144239099328114 0.7175604244093203
2 0.8960872017267039 0.9120045488458502 0.71857058718158
3 0.8924344879367365 0.9191637787645688 0.7181690389350409
4 0.8948640021625288 0.9155613798720368 0.7205568032593945
5 0.8950101618169658 0.9073374476811478 0.7172201831450861
6 0.8773733840113667 0.9026209394028708 0.690105278149147
7 0.9075429819172839 0.9163485434921967 0.736518147993157
8 0.8822883771808576 0.905153667386706 0.7011204118810964
9 0.8731852072860374 0.8933125682467302 0.6885414729144504
0 0.931445950189553 0.9436917047848847 0.7733833858447463
1 0.8944561404082647 0.9144239099328114 0.7175604244093203
2 0.8960872017267039 0.9120045488458502 0.71857058718158
3 0.8924344879367365 0.9191637787645688 0.7181690389350409
4 0.8948640021625288 0.9155613798720368 0.7205568032593945
5 0.8950101618169658 0.9073374476811478 0.7172201831450861
6 0.8773733840113667 0.9026209394028708 0.690105278149147
7 0.9075429819172839 0.9163485434921967 0.736518147993157
8 0.8822883771808576 0.905153667386706 0.7011204118810964
9 0.8731852072860374 0.8933125682467302 0.6885414729144504
